---
skull3217: 1
UnluckyZoo96185: 28.600000
LamGaming1: 190.500000
CaptainHuynh95: 606.600000
OopsMuti: 260.100000
HeraldicClaw597: 26.100000
YmZ Killito: 365.100000
NamDangg: 76.000000
BoxierLettuce26: 9.000000
Herobrine666393: 44.200000
gundambear9559: 4.300000
NgocNekcau: 2.700000
MrChicKenVN: 52.300000
DinhNgocDuy1412: 0
Zimaster0: 7.600000
EntombedMaple85: 311.700000
Bondeptrai: 428.700000
craftmo: 215.100000
zVWeeboVz: 1
marilist: 32.500000
ZioDragon4837: 1.600000
MaxCrescent8165: 3.100000
PuceAtol4608739: 2.800000
heozy: 1
FriendlyWausi12: 16.600000
CRSMon: 1
HiThangNe: 4.300000
AverageGolf6263: 79.200000
VietNamHT2018: 2.500000
BridledTunic717: 10.900000
CleanestOrc6037: 51.300000
Slimpika girl: 2.200000
MeoAnh: 2.500000
CrussCy: 1
AppearedElk8307: 1.600000
Nhunekban: 1
Nhuwibu1z: 1.300000
AerialArcher967: 1
MrDinoDuck: 1
MinhZaSuKi: 0
QGekkouga: 2.200000
CouthCart374180: 2.800000
RustyBooch83642: 1.900000
ANGSED MC: 147.300000
phanvy12: 49.800000
play12mmm: 1
GreenJajot: 118.600000
ToiLaAi1412: 16.200000
ResShin1810: 1
zzdamezz: 101.400000
NoobPvP2k3: 1
NatsuKaniki: 180.000000
SeMeRuVN: 0
BTieuCuong: 134.400000
Sicune: 146.700000
PandemicPvPYT: 1.200000
ZaneGamerYT2002: 9.400000
cuongpro1234: 38.800000
NhoxSaoBang: 1
khanhVN0506: 1.600000
HiKunNe: 7.900000
TanDatowner: 1
ProXGamer105255: 1
Namnguyen0305: 10.000000
YinZoXGamer: 6.400000
Mineluanfe: 3.400000
chumpk2007: 80.200000
ProofTadpole536: 1
Eviemiki: 1
Tingaming 89: 2.800000
FrontMite130108: 1
Jose9543: 1
YuisFBI: 2.800000
...
