---
version: 2
money:
  heraldicclaw597: 72940.400000
  marilist: 9840880.000000
  entombedmaple85: 0.000000
  nhuwibu1z: 422723.400000
  cleanestorc6037: 9255853.600000
  ghastxnoob: 1000
  ngocnekcau: 0.000000
  mrdinoduck: 1000
  minhzasuki: 1633066.000000
  qgekkouga: 1000
  dinhngocduy1412: 8000000.000000
  sicune: 44530.490000
  herobrine666393: 771411.600000
  mrchickenvn: 1000
  skull3217: 1000
  eviemiki: 11001000.000000
  craftmo: 100269999.000000
  heozy: 1000
  pigheroz123: 14232.000000
  namdangg: 1401024.300000
  friendlywausi12: 1000
  masterxkodx: 1000
  anhtuhiro: 53757.400000
  thientu709: 34054.000000
  webbiestlotus99: 2800.000000
  skygamingblue: 23157.400000
  lamgaming1: 517276.200000
  bromacho k: 1000
  couthcart374180: 1000
  rustybooch83642: 1000
  ymz killito: 17610740.600000
  angsed mc: 0.000000
  phanvy12: 68840338.110000
  play12mmm: 1000
  btieucuong: 20529637.800000
  jojobutirefuse7: 1000
  toilaai1412: 8323668.400000
  nhunekban: 1000
  zanegameryt2002: 4618857.000000
  greenjajot: 3632737.600000
  resshin1810: 1000
  zzdamezz: 10625178.100000
  crusscy: 1000
  noobpvp2k3: 1000
  natsukaniki: 3710348.200000
  semeruvn: 369370708.500000
  crsmon: 1000
  pandemicpvpyt: 18130265.600000
  cuongpro1234: 1.000000
  nhoxsaobang: 1000
  khanhvn0506: 1000
  hikunne: 16313234.000000
  tandatowner: 1000
  proxgamer105255: 1000
  namnguyen0305: 985500.000000
  yinzoxgamer: 15000.000000
  mineluanfe: 1000
  chumpk2007: 36418381.800000
  prooftadpole536: 613867.200000
  tingaming 89: 4737.400000
  frontmite130108: 1000
  jose9543: 1000
  bondeptrai: 1000
  yuisfbi: 87776375.600000
...
