---
version: 2
money:
  heraldicclaw597: 23591000.000000
  zahnsev yt: 1000
  elasticnhan: 1000
  zimaster0: 2007368.500000
  bondeptrai: 1844800.000000
  elasgamerxx: 0.000000
  darkyuma4: 1000
  robinvu14112003: 1000
  mrchickenvn: 2936593.100000
  kayuu081: 40725.900000
  kaitogamerx: 167292.100000
  craftmo: 1345613999.200000
  herobrine666393: 221798.000000
  littlemochy: 1000
  nhunekban: 810546170.800000
  phuongaz: 1000
  dinhngocduy1412: 2147483647.000000
  horzonerz: 0.000000
  godzsaka: 1748.100000
  friendlywausi12: 2344000.000000
  semeruvn: 1105251.300000
  nhoxsaobang: 1000
  boxiercanoe1529: 1000
  namdangg: 21571.000000
  greenjajot: 1000
  itzmatsterzz: 1000
  skull3217: 509500.000000
  xxonlichanxx: 25464.100000
  noobpvp2k3: 1000
  khoa9090: 311.100000
  lampocketvn: 1000
  yuisfbi: 12295.000000
  hunggamingtv: 1000
  entombedmaple85: 5623444.900000
  bidownzz: 11218.600000
  hikunne: 136965421.600000
  furryjaki1992: 950.000000
  entom535456: 2192863.000000
  ngocnekcau: 528520722.000000
  ziodragon4837: 72205.000000
  nhuwibu1z: 1000
  moonkun123: 1000
  emcodongy: 1000
  eggyftw2211: 1000
  zinzin1002: 384958.900000
  loilevn: 1000
  minhgamer0245: 1000
  x3tuong: 52085.000000
  zvweebovz: 110000.000000
  gauytvnmc: 8500.000000
  caogia45: 1000
  overbearr: 1000
  hacgaha: 1180.000000
  cutecutevn1999: 7554587.900000
  crepperteamvn: 883830.000000
  unheardboat3839: 1000
  alexanderxx2024: 3000.000000
  ymz killito: 4931911.600000
  solrfake: 1000
  tranhoanglong69: 1000.000000
  teolop2: 1000
  lschinhsl: 3000.000000
  vanhien777: 1000
  heozy: 16000.000000
  grayestisland20: 990.000000
  floatingtree988: 101000.000000
  hithangne: 4999926.100000
  noobrainbow365: 6000.000000
  earthytax103077: 1000
  lamgaming1: 1490576.200000
  crsmon: 1433967.600000
  thanhvcl: 1000
  marilist: 213521.000000
  hungfa69: 3000.000000
  huy2929: 211827.000000
  oopsmuti: 1637327.200000
  captainhuynh95: 185214447.900000
  boxierlettuce26: 1403714.400000
  zfrivenzf0912: 6000.000000
  cleanestorc6037: 2238615.600000
  bigxi56: 6000.000000
  thinkers2k18: 1000
  jadedplace82375: 781876.800000
  appearedelk8307: 6000.000000
  bridledtunic717: 15000.000000
  crusscy: 14636000.000000
  unluckyzoo96185: 1447147.400000
  kivagamer09: 1000
  gundambear9559: 7615.500000
  nogamerx: 1000
  maxcrescent8165: 207262.600000
  puceatol4608739: 88000.000000
  averagegolf6263: 177494.800000
  vietnamht2018: 3000.000000
  slimpika girl: 21893.000000
  meoanh: 14612.800000
  paint oao: 1000
  thongpro2019: 1000
...
