---
skull3217: 1
UnluckyZoo96185: 28.600000
LamGaming1: 158.400000
CaptainHuynh95: 606.600000
OopsMuti: 260.100000
HeraldicClaw597: 67.200000
YmZ Killito: 43.500000
NamDangg: 72.700000
BoxierLettuce26: 9.000000
Herobrine666393: 44.200000
gundambear9559: 4.300000
NgocNekcau: 2.700000
MrChicKenVN: 52.300000
DinhNgocDuy1412: 125.100000
Zimaster0: 7.600000
EntombedMaple85: 174.900000
Bondeptrai: 428.700000
craftmo: 5.400000
zVWeeboVz: 1
marilist: 23.800000
ZioDragon4837: 1.600000
MaxCrescent8165: 3.100000
PuceAtol4608739: 2.800000
heozy: 1
FriendlyWausi12: 16.600000
CRSMon: 1
HiThangNe: 4.300000
AverageGolf6263: 79.200000
VietNamHT2018: 2.500000
BridledTunic717: 10.900000
CleanestOrc6037: 51.300000
Slimpika girl: 2.200000
MeoAnh: 2.500000
CrussCy: 1
AppearedElk8307: 1.600000
Nhunekban: 1
Nhuwibu1z: 1
AerialArcher967: 1
MrDinoDuck: 1
MinhZaSuKi: 0
QGekkouga: 2.200000
CouthCart374180: 2.800000
RustyBooch83642: 1.900000
ANGSED MC: 0
phanvy12: 86.400000
play12mmm: 1
GreenJajot: 19.300000
ToiLaAi1412: 48.300000
ResShin1810: 1
zzdamezz: 6.400000
...
