---
version: 2
money:
  heraldicclaw597: 60940.400000
  marilist: 3440880.000000
  entombedmaple85: 0.000000
  nhuwibu1z: 388328.000000
  cleanestorc6037: 9025739.000000
  ghastxnoob: 1000
  ngocnekcau: 0.000000
  mrdinoduck: 1000
  minhzasuki: 1633066.000000
  qgekkouga: 1000
  dinhngocduy1412: 3803030.100000
  sicune: 1000.000000
  herobrine666393: 5572608.200000
  mrchickenvn: 1000
  skull3217: 993590000.000000
  eviemiki: 1000
  craftmo: 3320300.000000
  heozy: 1000
  pigheroz123: 14232.000000
  namdangg: 11024.300000
  friendlywausi12: 1000
  masterxkodx: 1000
  anhtuhiro: 53757.400000
  thientu709: 34054.000000
  webbiestlotus99: 2800.000000
  skygamingblue: 23157.400000
  lamgaming1: 1000
  bromacho k: 1000
  couthcart374180: 1000
  rustybooch83642: 1000
  ymz killito: 19378536.200000
  angsed mc: 5067532.400000
  phanvy12: 620088.400000
  play12mmm: 1000
  btieucuong: 1000
  jojobutirefuse7: 1000
  toilaai1412: 866894.400000
  nhunekban: 1000
  zanegameryt2002: 4001000.000000
  greenjajot: 3642285.400000
  resshin1810: 1000
  zzdamezz: 15000.000000
  crusscy: 1000
...
