---
version: 2
money:
  angsed mc: 0.000000
  entombedmaple85: 0.000000
  zzdamezz: 2.000000
  sicune: 200.000000
  namnguyen0305: 15.000000
  hikunne: 0.000000
  craftmo: 0
  semeruvn: 755.000000
  toilaai1412: 0
  pandemicpvpyt: 0
  greenjajot: 0
  yinzoxgamer: 0
  phanvy12: 4900.000000
  btieucuong: 1000.000000
  mineluanfe: 0
  heraldicclaw597: 100.000000
  chumpk2007: 21.000000
  ymz killito: 10.000000
  prooftadpole536: 35.000000
  lamgaming1: 0
  nhuwibu1z: 0
  cleanestorc6037: 0
  marilist: 0
  dinhngocduy1412: 0.000000
  eviemiki: 0
  natsukaniki: 0
  tingaming 89: 0
  frontmite130108: 0
  jose9543: 0
  bondeptrai: 0
  crsmon: 0
  yuisfbi: 5.000000
...
