---
version: 2
money:
  heraldicclaw597: 100.000000
  zimaster0: 34.000000
  darkyuma4: 0
  robinvu14112003: 0
  bondeptrai: 0.000000
  elasgamerxx: 115.000000
  mrchickenvn: 1900.000000
  kayuu081: 0
  kaitogamerx: 0
  craftmo: 1343.000000
  herobrine666393: 1.000000
  littlemochy: 0
  nhunekban: 200.000000
  phuongaz: 0
  dinhngocduy1412: 0.000000
  horzonerz: 100.000000
  godzsaka: 0
  friendlywausi12: 0
  semeruvn: 5.000000
  nhoxsaobang: 0
  boxiercanoe1529: 0
  namdangg: 875.000000
  greenjajot: 66.000000
  itzmatsterzz: 0
  skull3217: 0.000000
  xxonlichanxx: 20.000000
  noobpvp2k3: 0
  khoa9090: 0
  lampocketvn: 0
  yuisfbi: 0
  hunggamingtv: 0
  entombedmaple85: 0.000000
  bidownzz: 0
  hikunne: 0.000000
  furryjaki1992: 0
  entom535456: 0
  ngocnekcau: 1427.000000
  ziodragon4837: 0
  nhuwibu1z: 0.000000
  moonkun123: 0
  emcodongy: 0
  eggyftw2211: 0
  zinzin1002: 0
  loilevn: 0
  minhgamer0245: 0
  x3tuong: 0
  zvweebovz: 0
  gauytvnmc: 0
  caogia45: 0
  overbearr: 0
  hacgaha: 0
  cutecutevn1999: 0
  crepperteamvn: 0
  unheardboat3839: 0
  alexanderxx2024: 0
  ymz killito: 5.000000
  solrfake: 0
  tranhoanglong69: 0
  teolop2: 0
  lschinhsl: 0
  vanhien777: 0
  heozy: 0.000000
  grayestisland20: 0
  floatingtree988: 0
  hithangne: 70.000000
  noobrainbow365: 0
  earthytax103077: 0
  lamgaming1: 50.000000
  crsmon: 1.000000
  thanhvcl: 0
  marilist: 65.000000
  hungfa69: 0
  huy2929: 10.000000
  oopsmuti: 774.000000
  captainhuynh95: 0.000000
  boxierlettuce26: 132.000000
  zfrivenzf0912: 0
  cleanestorc6037: 1.000000
  bigxi56: 0
  thinkers2k18: 0
  jadedplace82375: 0
  appearedelk8307: 0
  bridledtunic717: 0
  crusscy: 0
  unluckyzoo96185: 115.000000
  kivagamer09: 0
  gundambear9559: 0
  nogamerx: 0
  maxcrescent8165: 0
  puceatol4608739: 50.000000
  averagegolf6263: 5.000000
  vietnamht2018: 0
  slimpika girl: 0
  meoanh: 0
  paint oao: 0
  thongpro2019: 0
  aerialarcher967: 0
  ghastxnoob: 0
  mrdinoduck: 0
  minhzasuki: 15.000000
  qgekkouga: 0
  sicune: 0
  eviemiki: 0
  pigheroz123: 0
  masterxkodx: 0
  anhtuhiro: 0
  thientu709: 0
  webbiestlotus99: 0
  skygamingblue: 0
  bromacho k: 0
  couthcart374180: 0
  rustybooch83642: 0
  angsed mc: 0.000000
  phanvy12: 0
  play12mmm: 0
  btieucuong: 0
  jojobutirefuse7: 0
  toilaai1412: 250.000000
  zanegameryt2002: 0
  resshin1810: 0
  zzdamezz: 0
...
