---
NewSpawn:
  X: -1118.500000
  "Y": 69.466900
  Z: 153.500000
  Yaw: 217.007294
  Pitch: 22.345953
Spawn:
  X: 236.822800
  "Y": 69.040300
  Z: 254.439700
  Yaw: 94.647369
  Pitch: 11.632278
...
