---
NewSpawn:
  X: -1118.500000
  "Y": 69.466900
  Z: 153.500000
  Yaw: 217.007294
  Pitch: 22.345953
Spawn:
  X: 236.822800
  "Y": 69.040300
  Z: 254.439700
  Yaw: 94.647369
  Pitch: 11.632278
SkySpawn:
  X: 44.773400
  "Y": 86.778900
  Z: 32.316900
  Yaw: 127.732208
  Pitch: 50.055923
world:
  X: -534.497600
  "Y": 150.000000
  Z: 898.325100
  Yaw: 96.736572
  Pitch: 15.323608
...
