---
version: 2
money:
  heraldicclaw597: 0
  angsed mc: 0
  craftmo: 2.000000
  sicune: 100.000000
  dinhngocduy1412: 0.000000
  greenjajot: 0
  skull3217: 0
  entombedmaple85: 0
...
